1 0.22890625 0.08950617283950618 0.08281250000000001 0.12962962962962965
1 0.37343750000000003 0.12037037037037038 0.084375 0.13786008230452676
0 0.55390625 0.08539094650205763 0.08281250000000001 0.13786008230452676
1 0.70078125 0.13991769547325103 0.0890625 0.14814814814814817
1 0.8187500000000001 0.3477366255144033 0.07187500000000001 0.1234567901234568
1 0.72265625 0.573045267489712 0.07968750000000001 0.14197530864197533
1 0.5242187500000001 0.5823045267489713 0.0765625 0.1358024691358025
1 0.60703125 0.35699588477366256 0.0703125 0.12962962962962965
1 0.4265625 0.3415637860082305 0.06875 0.1358024691358025
1 0.27421875 0.3487654320987655 0.0671875 0.1337448559670782
1 0.3671875 0.5802469135802469 0.08125 0.1358024691358025
1 0.18984375 0.5884773662551441 0.0671875 0.1440329218106996
1 0.12265625000000001 0.33539094650205764 0.0703125 0.12757201646090535
